#Layer_Color=6321
#
#Feature symbol names
#
$0 r5

#
#Feature attribute names
#

#
#Layer features
#
L 0.0957795 0.4164921 0.1213701 0.4164921 0 P 0
L 0.0957795 0.7570433 0.1213701 0.7570433 0 P 0
L 0.1085748 0.4036968 0.1085748 0.4292874 0 P 0
L 0.1085748 0.744248 0.1085748 0.7698386 0 P 0
L 0.1290866 0.1186023 0.2629448 0.1186023 0 P 0
L 0.1290866 1.0634842 0.2629448 1.0634842 0 P 0
L 0.17596 0.8496126 0.18596 0.8496126 0 P 0
L 0.18096 0.8446126 0.18096 0.8546126 0 P 0
L 0.1960157 0.0516732 0.1960157 0.1855314 0 P 0
L 0.1960157 0.9965551 0.1960157 1.1304133 0 P 0
L 0.2335748 0.4725945 0.2591654 0.4725945 0 P 0
L 0.2335748 0.7009409 0.2591654 0.7009409 0 P 0
L 0.2395427 0.8480378 0.2495427 0.8480378 0 P 0
L 0.2445427 0.8430378 0.2445427 0.8530378 0 P 0
L 0.2463701 0.4597992 0.2463701 0.4853898 0 P 0
L 0.2463701 0.6881456 0.2463701 0.7137362 0 P 0
L 0.2532598 0.4164921 0.2788504 0.4164921 0 P 0
L 0.2532598 0.7570433 0.2788504 0.7570433 0 P 0
L 0.2660551 0.4036968 0.2660551 0.4292874 0 P 0
L 0.2660551 0.744248 0.2660551 0.7698386 0 P 0
L 0.2826024 0.8763275 0.2944134 0.8763275 0 P 0
L 0.2838209 0.9203488 0.2956319 0.9203488 0 P 0
L 0.2838209 0.9715299 0.2956319 0.9715299 0 P 0
L 0.2885079 0.870422 0.2885079 0.882233 0 P 0
L 0.2897264 0.9144433 0.2897264 0.9262543 0 P 0
L 0.2897264 0.9656244 0.2897264 0.9774354 0 P 0
L 0.3351988 0.9723173 0.3470098 0.9723173 0 P 0
L 0.3375748 0.8424921 0.3475748 0.8424921 0 P 0
L 0.3411043 0.9664118 0.3411043 0.9782228 0 P 0
L 0.3425748 0.8374921 0.3425748 0.8474921 0 P 0
L 0.3442599 0.6360078 0.3542599 0.6360078 0 P 0
L 0.3459843 0.5351378 0.3559843 0.5351378 0 P 0
L 0.3492599 0.6310078 0.3492599 0.6410078 0 P 0
L 0.3509843 0.5301378 0.3509843 0.5401378 0 P 0
L 0.3645866 0.3265748 0.3745866 0.3265748 0 P 0
L 0.3695866 0.3215748 0.3695866 0.3315748 0 P 0
L 0.3823445 0.9723173 0.3941555 0.9723173 0 P 0
L 0.3841732 0.3419291 0.3941732 0.3419291 0 P 0
L 0.38825 0.9664118 0.38825 0.9782228 0 P 0
L 0.3891732 0.3369291 0.3891732 0.3469291 0 P 0
L 0.4302166 0.6323819 0.4420276 0.6323819 0 P 0
L 0.4361221 0.6264764 0.4361221 0.6382874 0 P 0
L 0.4714488 0.3044488 0.4814488 0.3044488 0 P 0
L 0.4764488 0.2994488 0.4764488 0.3094488 0 P 0
L 0.4934411 0.6328806 0.5052521 0.6328806 0 P 0
L 0.4966535 0.7359252 0.5084645 0.7359252 0 P 0
L 0.4993466 0.6269751 0.4993466 0.6387861 0 P 0
L 0.5016654 0.3329921 0.5116654 0.3329921 0 P 0
L 0.502559 0.7300197 0.502559 0.7418307 0 P 0
L 0.5066654 0.3279921 0.5066654 0.3379921 0 P 0
L 0.5226734 0.3819948 0.5344844 0.3819948 0 P 0
L 0.5285789 0.3760893 0.5285789 0.3879003 0 P 0
L 0.5520669 0.7370079 0.5638779 0.7370079 0 P 0
L 0.5579724 0.7311024 0.5579724 0.7429134 0 P 0
L 0.6082677 0.6437008 0.6200787 0.6437008 0 P 0
L 0.6140748 0.7373031 0.6258858 0.7373031 0 P 0
L 0.6141732 0.6377953 0.6141732 0.6496063 0 P 0
L 0.6142402 0.5197677 0.6242402 0.5197677 0 P 0
L 0.6192402 0.5147677 0.6192402 0.5247677 0 P 0
L 0.6199803 0.7313976 0.6199803 0.7432086 0 P 0
L 0.6579921 0.1158465 0.6679921 0.1158465 0 P 0
L 0.6629921 0.1108465 0.6629921 0.1208465 0 P 0
L 0.6647638 0.2573819 0.6765748 0.2573819 0 P 0
L 0.6706693 0.2514764 0.6706693 0.2632874 0 P 0
L 0.6882087 0.1443898 0.6982087 0.1443898 0 P 0
L 0.6932087 0.1393898 0.6932087 0.1493898 0 P 0
L 0.7093504 0.5893701 0.7211614 0.5893701 0 P 0
L 0.7152559 0.5834646 0.7152559 0.5952756 0 P 0
L 0.7212796 0.9313977 0.7312796 0.9313977 0 P 0
L 0.7262796 0.9263977 0.7262796 0.9363977 0 P 0
L 0.7327756 0.5534449 0.7445866 0.5534449 0 P 0
L 0.7386811 0.5475394 0.7386811 0.5593504 0 P 0
L 0.7869466 0.1329999 0.7987576 0.1329999 0 P 0
L 0.7885748 0.4704921 0.7985748 0.4704921 0 P 0
L 0.7885748 0.5194921 0.7985748 0.5194921 0 P 0
L 0.7885748 0.5724921 0.7985748 0.5724921 0 P 0
L 0.7885748 0.6214921 0.7985748 0.6214921 0 P 0
L 0.7905748 0.6724921 0.8005748 0.6724921 0 P 0
L 0.7925748 0.7224921 0.8025748 0.7224921 0 P 0
L 0.7925748 0.7724921 0.8025748 0.7724921 0 P 0
L 0.7928521 0.1270944 0.7928521 0.1389054 0 P 0
L 0.7935748 0.4654921 0.7935748 0.4754921 0 P 0
L 0.7935748 0.5144921 0.7935748 0.5244921 0 P 0
L 0.7935748 0.5674921 0.7935748 0.5774921 0 P 0
L 0.7935748 0.6164921 0.7935748 0.6264921 0 P 0
L 0.7955748 0.6674921 0.7955748 0.6774921 0 P 0
L 0.7975748 0.7174921 0.7975748 0.7274921 0 P 0
L 0.7975748 0.7674921 0.7975748 0.7774921 0 P 0
L 0.823191 0.399089 0.835002 0.399089 0 P 0
L 0.8253698 0.3567432 0.8371808 0.3567432 0 P 0
L 0.827362 0.1326794 0.839173 0.1326794 0 P 0
L 0.8290965 0.3931835 0.8290965 0.4049945 0 P 0
L 0.8312753 0.3508377 0.8312753 0.3626487 0 P 0
L 0.8332675 0.1267739 0.8332675 0.1385849 0 P 0
L 0.8672242 0.1326794 0.8790352 0.1326794 0 P 0
L 0.8731297 0.1267739 0.8731297 0.1385849 0 P 0
L 0.8882261 0.3569148 0.9000371 0.3569148 0 P 0
L 0.8941316 0.3510093 0.8941316 0.3628203 0 P 0
L 0.9047834 0.9467598 0.9557834 0.9467598 0 P 0
L 0.9085018 0.1329999 0.9203128 0.1329999 0 P 0
L 0.9144073 0.1270944 0.9144073 0.1389054 0 P 0
L 0.9302834 0.9212598 0.9302834 0.9722598 0 P 0
L 0.9475766 0.1335905 0.9593876 0.1335905 0 P 0
L 0.9532241 0.3554636 0.9650351 0.3554636 0 P 0
L 0.9534821 0.127685 0.9534821 0.139496 0 P 0
L 0.9591296 0.3495581 0.9591296 0.3613691 0 P 0
L 0.9607834 1.0417598 0.9997834 1.0417598 0 P 0
L 0.9802834 1.0222598 0.9802834 1.0612598 0 P 0
L 0.99236 0.1347716 1.004171 0.1347716 0 P 0
L 0.9982655 0.1288661 0.9982655 0.1406771 0 P 0
L 1.1367834 1.0417598 1.1757834 1.0417598 0 P 0
L 1.1562834 1.0222598 1.1562834 1.0612598 0 P 0
L 1.1807834 0.9467598 1.2317834 0.9467598 0 P 0
L 1.2062834 0.9212598 1.2062834 0.9722598 0 P 0
L 1.2194882 0.1316929 1.2312992 0.1316929 0 P 0
L 1.2253937 0.1257874 1.2253937 0.1375984 0 P 0
L 1.2465748 0.3964921 1.2765748 0.3964921 0 P 0
L 1.2465748 0.7964921 1.2765748 0.7964921 0 P 0
L 1.2599036 0.1313724 1.2717146 0.1313724 0 P 0
L 1.2615748 0.3814921 1.2615748 0.4114921 0 P 0
L 1.2615748 0.7814921 1.2615748 0.8114921 0 P 0
L 1.2658091 0.1254669 1.2658091 0.1372779 0 P 0
L 1.2997658 0.1313724 1.3115768 0.1313724 0 P 0
L 1.3056713 0.1254669 1.3056713 0.1372779 0 P 0
L 1.3410434 0.1316929 1.3528544 0.1316929 0 P 0
L 1.3420629 0.9426259 1.3930629 0.9426259 0 P 0
L 1.3465748 0.3964921 1.3765748 0.3964921 0 P 0
L 1.3465748 0.7964921 1.3765748 0.7964921 0 P 0
L 1.3469489 0.1257874 1.3469489 0.1375984 0 P 0
L 1.3615748 0.3814921 1.3615748 0.4114921 0 P 0
L 1.3615748 0.7814921 1.3615748 0.8114921 0 P 0
L 1.3675629 0.9171259 1.3675629 0.9681259 0 P 0
L 1.3801182 0.1322835 1.3919292 0.1322835 0 P 0
L 1.3860237 0.126378 1.3860237 0.138189 0 P 0
L 1.3980629 1.0376259 1.4370629 1.0376259 0 P 0
L 1.4175629 1.0181259 1.4175629 1.0571259 0 P 0
L 1.4249016 0.1334646 1.4367126 0.1334646 0 P 0
L 1.4308071 0.1275591 1.4308071 0.1393701 0 P 0
L 1.4465748 0.3964921 1.4765748 0.3964921 0 P 0
L 1.4465748 0.7964921 1.4765748 0.7964921 0 P 0
L 1.4615748 0.3814921 1.4615748 0.4114921 0 P 0
L 1.4615748 0.7814921 1.4615748 0.8114921 0 P 0
L 1.465317 0.1331441 1.477128 0.1331441 0 P 0
L 1.4712225 0.1272386 1.4712225 0.1390496 0 P 0
L 1.5051792 0.1331441 1.5169902 0.1331441 0 P 0
L 1.5110847 0.1272386 1.5110847 0.1390496 0 P 0
L 1.5464568 0.1334646 1.5582678 0.1334646 0 P 0
L 1.5465748 0.3964921 1.5765748 0.3964921 0 P 0
L 1.5465748 0.7964921 1.5765748 0.7964921 0 P 0
L 1.5523623 0.1275591 1.5523623 0.1393701 0 P 0
L 1.5615748 0.3814921 1.5615748 0.4114921 0 P 0
L 1.5615748 0.7814921 1.5615748 0.8114921 0 P 0
L 1.5740629 1.0376259 1.6130629 1.0376259 0 P 0
L 1.5855316 0.1340552 1.5973426 0.1340552 0 P 0
L 1.5914371 0.1281497 1.5914371 0.1399607 0 P 0
L 1.5935629 1.0181259 1.5935629 1.0571259 0 P 0
L 1.6180629 0.9426259 1.6690629 0.9426259 0 P 0
L 1.6334646 0.1330709 1.6452756 0.1330709 0 P 0
L 1.6393701 0.1271654 1.6393701 0.1389764 0 P 0
L 1.6435629 0.9171259 1.6435629 0.9681259 0 P 0
L 1.6465748 0.3964921 1.6765748 0.3964921 0 P 0
L 1.6465748 0.7964921 1.6765748 0.7964921 0 P 0
L 1.6615748 0.3814921 1.6615748 0.4114921 0 P 0
L 1.6615748 0.7814921 1.6615748 0.8114921 0 P 0
L 1.67388 0.1327504 1.685691 0.1327504 0 P 0
L 1.6797855 0.1268449 1.6797855 0.1386559 0 P 0
L 1.7137422 0.1327504 1.7255532 0.1327504 0 P 0
L 1.7196477 0.1268449 1.7196477 0.1386559 0 P 0
L 1.7465748 0.3964921 1.7765748 0.3964921 0 P 0
L 1.7465748 0.7964921 1.7765748 0.7964921 0 P 0
L 1.7550198 0.1330709 1.7668308 0.1330709 0 P 0
L 1.7609253 0.1271654 1.7609253 0.1389764 0 P 0
L 1.7615748 0.3814921 1.7615748 0.4114921 0 P 0
L 1.7615748 0.7814921 1.7615748 0.8114921 0 P 0
L 1.7780748 0.9394921 1.8290748 0.9394921 0 P 0
L 1.7940946 0.1336615 1.8059056 0.1336615 0 P 0
L 1.8000001 0.127756 1.8000001 0.139567 0 P 0
L 1.8035748 0.9139921 1.8035748 0.9649921 0 P 0
L 1.8340748 1.0344921 1.8730748 1.0344921 0 P 0
L 1.8392717 0.1312992 1.8510827 0.1312992 0 P 0
L 1.8451772 0.1253937 1.8451772 0.1372047 0 P 0
L 1.8465748 0.3964921 1.8765748 0.3964921 0 P 0
L 1.8465748 0.7964921 1.8765748 0.7964921 0 P 0
L 1.8535748 1.0149921 1.8535748 1.0539921 0 P 0
L 1.8615748 0.3814921 1.8615748 0.4114921 0 P 0
L 1.8615748 0.7814921 1.8615748 0.8114921 0 P 0
L 1.8796871 0.1309787 1.8914981 0.1309787 0 P 0
L 1.8855926 0.1250732 1.8855926 0.1368842 0 P 0
L 1.9195493 0.1309787 1.9313603 0.1309787 0 P 0
L 1.9254548 0.1250732 1.9254548 0.1368842 0 P 0
L 1.9465748 0.3964921 1.9765748 0.3964921 0 P 0
L 1.9465748 0.7964921 1.9765748 0.7964921 0 P 0
L 1.9608269 0.1312992 1.9726379 0.1312992 0 P 0
L 1.9615748 0.3814921 1.9615748 0.4114921 0 P 0
L 1.9615748 0.7814921 1.9615748 0.8114921 0 P 0
L 1.9667324 0.1253937 1.9667324 0.1372047 0 P 0
L 1.9999017 0.1318898 2.0117127 0.1318898 0 P 0
L 2.0058072 0.1259843 2.0058072 0.1377953 0 P 0
L 2.0100748 1.0344921 2.0490748 1.0344921 0 P 0
L 2.0295748 1.0149921 2.0295748 1.0539921 0 P 0
L 2.0434055 0.1325787 2.0552165 0.1325787 0 P 0
L 2.049311 0.1266732 2.049311 0.1384842 0 P 0
L 2.0540748 0.9394921 2.1050748 0.9394921 0 P 0
L 2.0795748 0.9139921 2.0795748 0.9649921 0 P 0
L 2.0838209 0.1322582 2.0956319 0.1322582 0 P 0
L 2.0897264 0.1263527 2.0897264 0.1381637 0 P 0
L 2.1236831 0.1322582 2.1354941 0.1322582 0 P 0
L 2.1295886 0.1263527 2.1295886 0.1381637 0 P 0
L 2.1310237 0.9090551 2.1410237 0.9090551 0 P 0
L 2.1360237 0.9040551 2.1360237 0.9140551 0 P 0
L 2.1649607 0.1325787 2.1767717 0.1325787 0 P 0
L 2.1708662 0.1266732 2.1708662 0.1384842 0 P 0
L 2.2040355 0.1331693 2.2158465 0.1331693 0 P 0
L 2.209941 0.1272638 2.209941 0.1390748 0 P 0
L 2.3230316 0.8169292 2.3348426 0.8169292 0 P 0
L 2.3289371 0.8110237 2.3289371 0.8228347 0 P 0
L 2.3508348 0.1677992 2.3902048 0.1677992 0 P 0
L 2.3705198 0.1481142 2.3705198 0.1874842 0 P 0
L 2.3858879 0.8171008 2.3976989 0.8171008 0 P 0
L 2.3917934 0.8111953 2.3917934 0.8230063 0 P 0
L 2.4508348 0.1677992 2.4902048 0.1677992 0 P 0
L 2.4508859 0.8156496 2.4626969 0.8156496 0 P 0
L 2.4567914 0.8097441 2.4567914 0.8215551 0 P 0
L 2.4705198 0.1481142 2.4705198 0.1874842 0 P 0
L 2.4936635 0.7673961 2.5054745 0.7673961 0 P 0
L 2.499569 0.7614906 2.499569 0.7733016 0 P 0
L 2.501693 0.3846457 2.511693 0.3846457 0 P 0
L 2.506693 0.3796457 2.506693 0.3896457 0 P 0
L 2.5325748 0.5484921 2.5425748 0.5484921 0 P 0
L 2.5335748 0.5174921 2.5435748 0.5174921 0 P 0
L 2.5340749 0.4090551 2.5440749 0.4090551 0 P 0
L 2.5375748 0.5434921 2.5375748 0.5534921 0 P 0
L 2.5385748 0.5124921 2.5385748 0.5224921 0 P 0
L 2.5390749 0.4040551 2.5390749 0.4140551 0 P 0
L 2.5508348 0.1677992 2.5902048 0.1677992 0 P 0
L 2.5616332 0.4836078 2.5716332 0.4836078 0 P 0
L 2.5666332 0.4786078 2.5666332 0.4886078 0 P 0
L 2.5705198 0.1481142 2.5705198 0.1874842 0 P 0
L 2.5841733 0.4127953 2.5941733 0.4127953 0 P 0
L 2.5891733 0.4077953 2.5891733 0.4177953 0 P 0
L 2.6371064 0.7940945 2.6489174 0.7940945 0 P 0
L 2.6373032 0.838189 2.6491142 0.838189 0 P 0
L 2.6430119 0.788189 2.6430119 0.8 0 P 0
L 2.6432087 0.8322835 2.6432087 0.8440945 0 P 0
L 2.6508348 0.1677992 2.6902048 0.1677992 0 P 0
L 2.6705198 0.1481142 2.6705198 0.1874842 0 P 0
L 2.6750316 0.2468381 2.6850316 0.2468381 0 P 0
L 2.6800316 0.2418381 2.6800316 0.2518381 0 P 0
L 2.6935748 0.8594921 2.7035748 0.8594921 0 P 0
L 2.6976693 0.5384921 2.7094803 0.5384921 0 P 0
L 2.6985748 0.8544921 2.6985748 0.8644921 0 P 0
L 2.7016693 0.7204921 2.7134803 0.7204921 0 P 0
L 2.7035748 0.5325866 2.7035748 0.5443976 0 P 0
L 2.7075748 0.7145866 2.7075748 0.7263976 0 P 0
L 2.7245748 0.8604921 2.7345748 0.8604921 0 P 0
L 2.7295748 0.8554921 2.7295748 0.8654921 0 P 0
L 2.7556773 0.8615984 2.7656773 0.8615984 0 P 0
L 2.7606773 0.8565984 2.7606773 0.8665984 0 P 0
L 2.7697716 0.5384921 2.7815826 0.5384921 0 P 0
L 2.7745552 0.7203583 2.7863662 0.7203583 0 P 0
L 2.7756771 0.5325866 2.7756771 0.5443976 0 P 0
L 2.7804607 0.7144528 2.7804607 0.7262638 0 P 0
L 2.7860906 0.8623858 2.7960906 0.8623858 0 P 0
L 2.7910906 0.8573858 2.7910906 0.8673858 0 P 0
L 2.8180788 0.8613032 2.8280788 0.8613032 0 P 0
L 2.8230788 0.8563032 2.8230788 0.8663032 0 P 0
L 2.8404017 0.5396496 2.8522127 0.5396496 0 P 0
L 2.8436693 0.7194921 2.8554803 0.7194921 0 P 0
L 2.8463072 0.5337441 2.8463072 0.5455551 0 P 0
L 2.8492796 0.8611063 2.8592796 0.8611063 0 P 0
L 2.8495748 0.7135866 2.8495748 0.7253976 0 P 0
L 2.8503623 0.3916181 2.8603623 0.3916181 0 P 0
L 2.8542796 0.8561063 2.8542796 0.8661063 0 P 0
L 2.8553623 0.3866181 2.8553623 0.3966181 0 P 0
L 2.8808741 0.3958504 2.8908741 0.3958504 0 P 0
L 2.8813662 0.8615984 2.8913662 0.8615984 0 P 0
L 2.8858741 0.3908504 2.8858741 0.4008504 0 P 0
L 2.8863662 0.8565984 2.8863662 0.8665984 0 P 0
L 2.9097442 0.4785433 2.9215552 0.4785433 0 P 0
L 2.9102584 0.2354126 2.9202584 0.2354126 0 P 0
L 2.9152584 0.2304126 2.9152584 0.2404126 0 P 0
L 2.9156497 0.4726378 2.9156497 0.4844488 0 P 0
L 2.9543308 0.2195866 2.9661418 0.2195866 0 P 0
L 2.9554135 0.1463583 2.9672245 0.1463583 0 P 0
L 2.9602363 0.2136811 2.9602363 0.2254921 0 P 0
L 2.961319 0.1404528 2.961319 0.1522638 0 P 0
L 3.0043977 0.5813819 3.0143977 0.5813819 0 P 0
L 3.0093977 0.5763819 3.0093977 0.5863819 0 P 0
L 3.0099134 0.6752323 3.0199134 0.6752323 0 P 0
L 3.0099134 0.7072323 3.0199134 0.7072323 0 P 0
L 3.0099134 0.7382323 3.0199134 0.7382323 0 P 0
L 3.0149134 0.6702323 3.0149134 0.6802323 0 P 0
L 3.0149134 0.7022323 3.0149134 0.7122323 0 P 0
L 3.0149134 0.7332323 3.0149134 0.7432323 0 P 0
L 3.0234253 0.2192913 3.0352363 0.2192913 0 P 0
L 3.0293308 0.2133858 3.0293308 0.2251968 0 P 0
L 3.053445 0.4747047 3.065256 0.4747047 0 P 0
L 3.0593505 0.4687992 3.0593505 0.4806102 0 P 0
L 3.0843505 0.7812992 3.0961615 0.7812992 0 P 0
L 3.0879135 0.3214567 3.0979135 0.3214567 0 P 0
L 3.0885828 0.4898622 3.1003938 0.4898622 0 P 0
L 3.090256 0.7753937 3.090256 0.7872047 0 P 0
L 3.0929135 0.3164567 3.0929135 0.3264567 0 P 0
L 3.0944883 0.4839567 3.0944883 0.4957677 0 P 0
L 3.0999017 0.5265748 3.1117127 0.5265748 0 P 0
L 3.1058072 0.5206693 3.1058072 0.5324803 0 P 0
L 3.1123229 0.3212599 3.1223229 0.3212599 0 P 0
L 3.1173229 0.3162599 3.1173229 0.3262599 0 P 0
L 3.127756 0.8149607 3.139567 0.8149607 0 P 0
L 3.1289134 0.6272323 3.1389134 0.6272323 0 P 0
L 3.1326399 0.4105063 3.1444509 0.4105063 0 P 0
L 3.1336615 0.8090552 3.1336615 0.8208662 0 P 0
L 3.1339134 0.6222323 3.1339134 0.6322323 0 P 0
L 3.1385454 0.4046008 3.1385454 0.4164118 0 P 0
L 3.1698446 0.5577504 3.1816556 0.5577504 0 P 0
L 3.1757501 0.5518449 3.1757501 0.5636559 0 P 0
L 3.1758485 0.4857031 3.1876595 0.4857031 0 P 0
L 3.181754 0.4797976 3.181754 0.4916086 0 P 0
L 3.1858269 0.1465551 3.1976379 0.1465551 0 P 0
L 3.1914371 0.8160434 3.2032481 0.8160434 0 P 0
L 3.1917324 0.1406496 3.1917324 0.1524606 0 P 0
L 3.1973426 0.8101379 3.1973426 0.8219489 0 P 0
L 3.2126595 0.5229079 3.2244705 0.5229079 0 P 0
L 3.218565 0.5170024 3.218565 0.5288134 0 P 0
L 3.2215315 1.061122 3.2333425 1.061122 0 P 0
L 3.2233032 0.9915354 3.2351142 0.9915354 0 P 0
L 3.2235985 1.1345472 3.2354095 1.1345472 0 P 0
L 3.227437 1.0552165 3.227437 1.0670275 0 P 0
L 3.2292087 0.9856299 3.2292087 0.9974409 0 P 0
L 3.229504 1.1286417 3.229504 1.1404527 0 P 0
L 3.2317678 0.1968503 3.2435788 0.1968503 0 P 0
L 3.2323027 0.2660004 3.2423027 0.2660004 0 P 0
L 3.2324995 0.2904098 3.2424995 0.2904098 0 P 0
L 3.2373027 0.2610004 3.2373027 0.2710004 0 P 0
L 3.2374995 0.2854098 3.2374995 0.2954098 0 P 0
L 3.2376733 0.1909448 3.2376733 0.2027558 0 P 0
L 3.2733466 0.5648622 3.2833466 0.5648622 0 P 0
L 3.2783466 0.5598622 3.2783466 0.5698622 0 P 0
L 3.2942915 0.4602362 3.3061025 0.4602362 0 P 0
L 3.2973189 1.136811 3.3091299 1.136811 0 P 0
L 3.2985985 0.990748 3.3104095 0.990748 0 P 0
L 3.300197 0.4543307 3.300197 0.4661417 0 P 0
L 3.3032244 1.1309055 3.3032244 1.1427165 0 P 0
L 3.304504 0.9848425 3.304504 0.9966535 0 P 0
L 3.333071 0.4591536 3.344882 0.4591536 0 P 0
L 3.3389765 0.4532481 3.3389765 0.4650591 0 P 0
L 3.3723443 0.4602843 3.3841553 0.4602843 0 P 0
L 3.3782498 0.4543788 3.3782498 0.4661898 0 P 0
L 3.3821852 1.1325551 3.3939962 1.1325551 0 P 0
L 3.3880907 1.1266496 3.3880907 1.1384606 0 P 0
L 3.4054135 0.1354331 3.4172245 0.1354331 0 P 0
L 3.4061025 0.0827756 3.4179135 0.0827756 0 P 0
L 3.4070867 0.5244095 3.4188977 0.5244095 0 P 0
L 3.4071615 0.1920275 3.4189725 0.1920275 0 P 0
L 3.4086241 0.4695614 3.4204351 0.4695614 0 P 0
L 3.4090178 0.5757622 3.4208288 0.5757622 0 P 0
L 3.4098052 0.4099157 3.4216162 0.4099157 0 P 0
L 3.411319 0.1295276 3.411319 0.1413386 0 P 0
L 3.412008 0.0768701 3.412008 0.0886811 0 P 0
L 3.4129922 0.518504 3.4129922 0.530315 0 P 0
L 3.413067 0.186122 3.413067 0.197933 0 P 0
L 3.4145296 0.4636559 3.4145296 0.4754669 0 P 0
L 3.4149233 0.5698567 3.4149233 0.5816677 0 P 0
L 3.4157107 0.4040102 3.4157107 0.4158212 0 P 0
L 3.4454726 1.1292323 3.4572836 1.1292323 0 P 0
L 3.4513781 1.1233268 3.4513781 1.1351378 0 P 0
L 3.4690946 0.0793307 3.4809056 0.0793307 0 P 0
L 3.4750001 0.0734252 3.4750001 0.0852362 0 P 0
L 3.4805119 0.5773623 3.4923229 0.5773623 0 P 0
L 3.4864174 0.5714568 3.4864174 0.5832678 0 P 0
L 3.5025748 0.3264921 3.5125748 0.3264921 0 P 0
L 3.5075748 0.3214921 3.5075748 0.3314921 0 P 0
L 3.5134844 1.1273622 3.5252954 1.1273622 0 P 0
L 3.5193899 1.1214567 3.5193899 1.1332677 0 P 0
L 3.5233032 0.0774606 3.5351142 0.0774606 0 P 0
L 3.5292087 0.0715551 3.5292087 0.0833661 0 P 0
L 3.5793308 1.1253937 3.5911418 1.1253937 0 P 0
L 3.5852363 1.1194882 3.5852363 1.1312992 0 P 0
L 3.5861222 0.0779528 3.5979332 0.0779528 0 P 0
L 3.5920277 0.0720473 3.5920277 0.0838583 0 P 0
L 3.610256 0.3308071 3.620256 0.3308071 0 P 0
L 3.615256 0.3258071 3.615256 0.3358071 0 P 0
L 3.6224411 0.2620079 3.6342521 0.2620079 0 P 0
L 3.6233269 0.2031496 3.6351379 0.2031496 0 P 0
L 3.6283466 0.2561024 3.6283466 0.2679134 0 P 0
L 3.6292324 0.1972441 3.6292324 0.2090551 0 P 0
L 3.6383072 0.3281496 3.6483072 0.3281496 0 P 0
L 3.6404057 1.1257205 3.6522167 1.1257205 0 P 0
L 3.6433072 0.3231496 3.6433072 0.3331496 0 P 0
L 3.6463112 1.119815 3.6463112 1.131626 0 P 0
L 3.6524056 0.0813976 3.6642166 0.0813976 0 P 0
L 3.6583111 0.0754921 3.6583111 0.0873031 0 P 0
L 3.7064057 1.1257205 3.7182167 1.1257205 0 P 0
L 3.7123112 1.119815 3.7123112 1.131626 0 P 0
L 3.7184056 0.0813976 3.7302166 0.0813976 0 P 0
L 3.7243111 0.0754921 3.7243111 0.0873031 0 P 0
L 3.7255395 0.317996 3.7373505 0.317996 0 P 0
L 3.7261301 0.3710472 3.7379411 0.3710472 0 P 0
L 3.7273112 0.4249842 3.7391222 0.4249842 0 P 0
L 3.7279017 0.4829567 3.7397127 0.4829567 0 P 0
L 3.7284923 0.5374842 3.7403033 0.5374842 0 P 0
L 3.7309529 0.8285276 3.7427639 0.8285276 0 P 0
L 3.7312482 0.641815 3.7430592 0.641815 0 P 0
L 3.731445 0.3120905 3.731445 0.3239015 0 P 0
L 3.7320356 0.3651417 3.7320356 0.3769527 0 P 0
L 3.732134 0.7015591 3.743945 0.7015591 0 P 0
L 3.732134 0.7673071 3.743945 0.7673071 0 P 0
L 3.7332167 0.4190787 3.7332167 0.4308897 0 P 0
L 3.7338072 0.4770512 3.7338072 0.4888622 0 P 0
L 3.7343978 0.5315787 3.7343978 0.5433897 0 P 0
L 3.7368584 0.8226221 3.7368584 0.8344331 0 P 0
L 3.7371537 0.6359095 3.7371537 0.6477205 0 P 0
L 3.7380395 0.6956536 3.7380395 0.7074646 0 P 0
L 3.7380395 0.7614016 3.7380395 0.7732126 0 P 0
L 3.7784057 1.1247205 3.7902167 1.1247205 0 P 0
L 3.7843112 1.118815 3.7843112 1.130626 0 P 0
L 3.7904056 0.0803976 3.8022166 0.0803976 0 P 0
L 3.7963111 0.0744921 3.7963111 0.0863031 0 P 0
L 3.8484057 1.1247205 3.8602167 1.1247205 0 P 0
L 3.8543112 1.118815 3.8543112 1.130626 0 P 0
L 3.8604056 0.0803976 3.8722166 0.0803976 0 P 0
L 3.8663111 0.0744921 3.8663111 0.0863031 0 P 0
L 3.9124057 1.1247205 3.9242167 1.1247205 0 P 0
L 3.9183112 1.118815 3.9183112 1.130626 0 P 0
L 3.9244056 0.0803976 3.9362166 0.0803976 0 P 0
L 3.9303111 0.0744921 3.9303111 0.0863031 0 P 0
L 3.9784057 1.1247205 3.9902167 1.1247205 0 P 0
L 3.9843112 1.118815 3.9843112 1.130626 0 P 0
L 3.9904056 0.0803976 4.0022166 0.0803976 0 P 0
L 3.9963111 0.0744921 3.9963111 0.0863031 0 P 0
L 4.0066693 0.2194921 4.0184803 0.2194921 0 P 0
L 4.0070356 0.4321693 4.0188466 0.4321693 0 P 0
L 4.0070356 0.4968346 4.0188466 0.4968346 0 P 0
L 4.0076693 0.5574921 4.0194803 0.5574921 0 P 0
L 4.0076693 0.8384921 4.0194803 0.8384921 0 P 0
L 4.0085078 0.6232717 4.0203188 0.6232717 0 P 0
L 4.0085078 0.6872717 4.0203188 0.6872717 0 P 0
L 4.0085078 0.7532717 4.0203188 0.7532717 0 P 0
L 4.0086693 0.9104921 4.0204803 0.9104921 0 P 0
L 4.0086693 0.9804921 4.0204803 0.9804921 0 P 0
L 4.0125748 0.2135866 4.0125748 0.2253976 0 P 0
L 4.0129411 0.4262638 4.0129411 0.4380748 0 P 0
L 4.0129411 0.4909291 4.0129411 0.5027401 0 P 0
L 4.0135748 0.5515866 4.0135748 0.5633976 0 P 0
L 4.0135748 0.8325866 4.0135748 0.8443976 0 P 0
L 4.0144133 0.6173662 4.0144133 0.6291772 0 P 0
L 4.0144133 0.6813662 4.0144133 0.6931772 0 P 0
L 4.0144133 0.7473662 4.0144133 0.7591772 0 P 0
L 4.0145748 0.9045866 4.0145748 0.9163976 0 P 0
L 4.0145748 0.9745866 4.0145748 0.9863976 0 P 0
L 4.0222915 0.318685 4.1561497 0.318685 0 P 0
L 4.0544057 1.1237205 4.0662167 1.1237205 0 P 0
L 4.0603112 1.117815 4.0603112 1.129626 0 P 0
L 4.0664056 0.0793976 4.0782166 0.0793976 0 P 0
L 4.0723111 0.0734921 4.0723111 0.0853031 0 P 0
L 4.0892206 0.2517559 4.0892206 0.3856141 0 P 0
L 4.1244057 1.1237205 4.1362167 1.1237205 0 P 0
L 4.1303112 1.117815 4.1303112 1.129626 0 P 0
L 4.1364056 0.0793976 4.1482166 0.0793976 0 P 0
L 4.1386693 0.9174921 4.1504803 0.9174921 0 P 0
L 4.1395078 0.6982717 4.1513188 0.6982717 0 P 0
L 4.1395078 0.7682717 4.1513188 0.7682717 0 P 0
L 4.1395078 0.8322717 4.1513188 0.8322717 0 P 0
L 4.1396693 0.2224921 4.1514803 0.2224921 0 P 0
L 4.1423111 0.0734921 4.1423111 0.0853031 0 P 0
L 4.1445748 0.9115866 4.1445748 0.9233976 0 P 0
L 4.1454133 0.6923662 4.1454133 0.7041772 0 P 0
L 4.1454133 0.7623662 4.1454133 0.7741772 0 P 0
L 4.1454133 0.8263662 4.1454133 0.8381772 0 P 0
L 4.1455748 0.2165866 4.1455748 0.2283976 0 P 0
L 4.1461104 0.4970315 4.1579214 0.4970315 0 P 0
L 4.1463072 0.5607126 4.1581182 0.5607126 0 P 0
L 4.1468978 0.4298071 4.1587088 0.4298071 0 P 0
L 4.1491616 0.6281339 4.1609726 0.6281339 0 P 0
L 4.1520159 0.491126 4.1520159 0.502937 0 P 0
L 4.1522127 0.5548071 4.1522127 0.5666181 0 P 0
L 4.1528033 0.4239016 4.1528033 0.4357126 0 P 0
L 4.1550671 0.6222284 4.1550671 0.6340394 0 P 0
L 4.1934057 1.1247205 4.2052167 1.1247205 0 P 0
L 4.1993112 1.118815 4.1993112 1.130626 0 P 0
L 4.2054056 0.0803976 4.2172166 0.0803976 0 P 0
L 4.2113111 0.0744921 4.2113111 0.0863031 0 P 0
L 4.2594057 1.1247205 4.2712167 1.1247205 0 P 0
L 4.2653112 1.118815 4.2653112 1.130626 0 P 0
L 4.2714056 0.0803976 4.2832166 0.0803976 0 P 0
L 4.2773111 0.0744921 4.2773111 0.0863031 0 P 0
L 4.3314057 1.1237205 4.3432167 1.1237205 0 P 0
L 4.3373112 1.117815 4.3373112 1.129626 0 P 0
L 4.3434056 0.0793976 4.3552166 0.0793976 0 P 0
L 4.3493111 0.0734921 4.3493111 0.0853031 0 P 0
L 4.4014057 1.1237205 4.4132167 1.1237205 0 P 0
L 4.4073112 1.117815 4.4073112 1.129626 0 P 0
L 4.4134056 0.0793976 4.4252166 0.0793976 0 P 0
L 4.4193111 0.0734921 4.4193111 0.0853031 0 P 0
L 4.4654057 1.1237205 4.4772167 1.1237205 0 P 0
L 4.4713112 1.117815 4.4713112 1.129626 0 P 0
L 4.4774056 0.0793976 4.4892166 0.0793976 0 P 0
L 4.4833111 0.0734921 4.4833111 0.0853031 0 P 0
L 4.5314057 1.1237205 4.5432167 1.1237205 0 P 0
L 4.5373112 1.117815 4.5373112 1.129626 0 P 0
L 4.5434056 0.0793976 4.5552166 0.0793976 0 P 0
L 4.5493111 0.0734921 4.5493111 0.0853031 0 P 0
L 4.5976693 0.2334921 4.6094803 0.2334921 0 P 0
L 4.5976693 0.2994921 4.6094803 0.2994921 0 P 0
L 4.5986693 0.3714921 4.6104803 0.3714921 0 P 0
L 4.5986693 0.4414921 4.6104803 0.4414921 0 P 0
L 4.5986693 0.5054921 4.6104803 0.5054921 0 P 0
L 4.5986693 0.5714921 4.6104803 0.5714921 0 P 0
L 4.5986693 0.7864921 4.6104803 0.7864921 0 P 0
L 4.5986693 0.8524921 4.6104803 0.8524921 0 P 0
L 4.5996693 0.6474921 4.6114803 0.6474921 0 P 0
L 4.5996693 0.7174921 4.6114803 0.7174921 0 P 0
L 4.5996693 0.9244921 4.6114803 0.9244921 0 P 0
L 4.5996693 0.9944921 4.6114803 0.9944921 0 P 0
L 4.6035748 0.2275866 4.6035748 0.2393976 0 P 0
L 4.6035748 0.2935866 4.6035748 0.3053976 0 P 0
L 4.6045748 0.3655866 4.6045748 0.3773976 0 P 0
L 4.6045748 0.4355866 4.6045748 0.4473976 0 P 0
L 4.6045748 0.4995866 4.6045748 0.5113976 0 P 0
L 4.6045748 0.5655866 4.6045748 0.5773976 0 P 0
L 4.6045748 0.7805866 4.6045748 0.7923976 0 P 0
L 4.6045748 0.8465866 4.6045748 0.8583976 0 P 0
L 4.6055748 0.6415866 4.6055748 0.6533976 0 P 0
L 4.6055748 0.7115866 4.6055748 0.7233976 0 P 0
L 4.6055748 0.9185866 4.6055748 0.9303976 0 P 0
L 4.6055748 0.9885866 4.6055748 1.0003976 0 P 0
L 4.6074057 1.1227205 4.6192167 1.1227205 0 P 0
L 4.6133112 1.116815 4.6133112 1.128626 0 P 0
L 4.6194056 0.0783976 4.6312166 0.0783976 0 P 0
L 4.6253111 0.0724921 4.6253111 0.0843031 0 P 0
L 4.6639765 0.9945866 4.6757875 0.9945866 0 P 0
L 4.669882 0.9886811 4.669882 1.0004921 0 P 0
L 4.6774057 1.1227205 4.6892167 1.1227205 0 P 0
L 4.6833112 1.116815 4.6833112 1.128626 0 P 0
L 4.6894056 0.0783976 4.7012166 0.0783976 0 P 0
L 4.6953111 0.0724921 4.6953111 0.0843031 0 P 0
L 4.7286693 0.3784921 4.7404803 0.3784921 0 P 0
L 4.7286693 0.4444921 4.7404803 0.4444921 0 P 0
L 4.7296693 0.5164921 4.7414803 0.5164921 0 P 0
L 4.7296693 0.5864921 4.7414803 0.5864921 0 P 0
L 4.7296693 0.6504921 4.7414803 0.6504921 0 P 0
L 4.7296693 0.7164921 4.7414803 0.7164921 0 P 0
L 4.7296693 0.9314921 4.7414803 0.9314921 0 P 0
L 4.7306693 0.2364921 4.7424803 0.2364921 0 P 0
L 4.7306693 0.3064921 4.7424803 0.3064921 0 P 0
L 4.7306693 0.7924921 4.7424803 0.7924921 0 P 0
L 4.7306693 0.8624921 4.7424803 0.8624921 0 P 0
L 4.7345748 0.3725866 4.7345748 0.3843976 0 P 0
L 4.7345748 0.4385866 4.7345748 0.4503976 0 P 0
L 4.7355748 0.5105866 4.7355748 0.5223976 0 P 0
L 4.7355748 0.5805866 4.7355748 0.5923976 0 P 0
L 4.7355748 0.6445866 4.7355748 0.6563976 0 P 0
L 4.7355748 0.7105866 4.7355748 0.7223976 0 P 0
L 4.7355748 0.9255866 4.7355748 0.9373976 0 P 0
L 4.7365748 0.2305866 4.7365748 0.2423976 0 P 0
L 4.7365748 0.3005866 4.7365748 0.3123976 0 P 0
L 4.7365748 0.7865866 4.7365748 0.7983976 0 P 0
L 4.7365748 0.8565866 4.7365748 0.8683976 0 P 0
L 4.7494057 1.1247205 4.7612167 1.1247205 0 P 0
L 4.7553112 1.118815 4.7553112 1.130626 0 P 0
L 4.7614056 0.0803976 4.7732166 0.0803976 0 P 0
L 4.7673111 0.0744921 4.7673111 0.0863031 0 P 0
L 4.8154057 1.1247205 4.8272167 1.1247205 0 P 0
L 4.8213112 1.118815 4.8213112 1.130626 0 P 0
L 4.8274056 0.0803976 4.8392166 0.0803976 0 P 0
L 4.8333111 0.0744921 4.8333111 0.0863031 0 P 0
L 4.8874057 1.1237205 4.8992167 1.1237205 0 P 0
L 4.8933112 1.117815 4.8933112 1.129626 0 P 0
L 4.8994056 0.0793976 4.9112166 0.0793976 0 P 0
L 4.9053111 0.0734921 4.9053111 0.0853031 0 P 0
L 4.9574057 1.1237205 4.9692167 1.1237205 0 P 0
L 4.9633112 1.117815 4.9633112 1.129626 0 P 0
L 4.9694056 0.0793976 4.9812166 0.0793976 0 P 0
L 4.9753111 0.0734921 4.9753111 0.0853031 0 P 0
L 5.0214057 1.1237205 5.0332167 1.1237205 0 P 0
L 5.0273112 1.117815 5.0273112 1.129626 0 P 0
L 5.0334056 0.0793976 5.0452166 0.0793976 0 P 0
L 5.0393111 0.0734921 5.0393111 0.0853031 0 P 0
L 5.0874057 1.1237205 5.0992167 1.1237205 0 P 0
L 5.0933112 1.117815 5.0933112 1.129626 0 P 0
L 5.0994056 0.0793976 5.1112166 0.0793976 0 P 0
L 5.1053111 0.0734921 5.1053111 0.0853031 0 P 0
L 5.1634057 1.1227205 5.1752167 1.1227205 0 P 0
L 5.1693112 1.116815 5.1693112 1.128626 0 P 0
L 5.1754056 0.0783976 5.1872166 0.0783976 0 P 0
L 5.1780002 0.762189 5.3118584 0.762189 0 P 0
L 5.1796693 0.4984921 5.1914803 0.4984921 0 P 0
L 5.1796693 0.5644921 5.1914803 0.5644921 0 P 0
L 5.1796693 0.8454921 5.1914803 0.8454921 0 P 0
L 5.1806693 0.6404921 5.1924803 0.6404921 0 P 0
L 5.1806693 0.9174921 5.1924803 0.9174921 0 P 0
L 5.1806693 0.9874921 5.1924803 0.9874921 0 P 0
L 5.1808504 0.2269134 5.1926614 0.2269134 0 P 0
L 5.1808504 0.2909134 5.1926614 0.2909134 0 P 0
L 5.1808504 0.3569134 5.1926614 0.3569134 0 P 0
L 5.1813111 0.0724921 5.1813111 0.0843031 0 P 0
L 5.1818504 0.4329134 5.1936614 0.4329134 0 P 0
L 5.1855748 0.4925866 5.1855748 0.5043976 0 P 0
L 5.1855748 0.5585866 5.1855748 0.5703976 0 P 0
L 5.1855748 0.8395866 5.1855748 0.8513976 0 P 0
L 5.1865748 0.6345866 5.1865748 0.6463976 0 P 0
L 5.1865748 0.9115866 5.1865748 0.9233976 0 P 0
L 5.1865748 0.9815866 5.1865748 0.9933976 0 P 0
L 5.1867559 0.2210079 5.1867559 0.2328189 0 P 0
L 5.1867559 0.2850079 5.1867559 0.2968189 0 P 0
L 5.1867559 0.3510079 5.1867559 0.3628189 0 P 0
L 5.1877559 0.4270079 5.1877559 0.4388189 0 P 0
L 5.2334057 1.1227205 5.2452167 1.1227205 0 P 0
L 5.2393112 1.116815 5.2393112 1.128626 0 P 0
L 5.2449293 0.6952599 5.2449293 0.8291181 0 P 0
L 5.2454056 0.0783976 5.2572166 0.0783976 0 P 0
L 5.2481301 0.9901575 5.2599411 0.9901575 0 P 0
L 5.2513111 0.0724921 5.2513111 0.0843031 0 P 0
L 5.2540356 0.984252 5.2540356 0.996063 0 P 0
L 5.3024057 1.1237205 5.3142167 1.1237205 0 P 0
L 5.3083112 1.117815 5.3083112 1.129626 0 P 0
L 5.3106693 0.5094921 5.3224803 0.5094921 0 P 0
L 5.3106693 0.5794921 5.3224803 0.5794921 0 P 0
L 5.3106693 0.6434921 5.3224803 0.6434921 0 P 0
L 5.3106693 0.9244921 5.3224803 0.9244921 0 P 0
L 5.3108504 0.2299134 5.3226614 0.2299134 0 P 0
L 5.3116693 0.8554921 5.3234803 0.8554921 0 P 0
L 5.3118504 0.3019134 5.3236614 0.3019134 0 P 0
L 5.3118504 0.3719134 5.3236614 0.3719134 0 P 0
L 5.3118504 0.4359134 5.3236614 0.4359134 0 P 0
L 5.3144056 0.0793976 5.3262166 0.0793976 0 P 0
L 5.3165748 0.5035866 5.3165748 0.5153976 0 P 0
L 5.3165748 0.5735866 5.3165748 0.5853976 0 P 0
L 5.3165748 0.6375866 5.3165748 0.6493976 0 P 0
L 5.3165748 0.9185866 5.3165748 0.9303976 0 P 0
L 5.3167559 0.2240079 5.3167559 0.2358189 0 P 0
L 5.3175748 0.8495866 5.3175748 0.8613976 0 P 0
L 5.3177559 0.2960079 5.3177559 0.3078189 0 P 0
L 5.3177559 0.3660079 5.3177559 0.3778189 0 P 0
L 5.3177559 0.4300079 5.3177559 0.4418189 0 P 0
L 5.3203111 0.0734921 5.3203111 0.0853031 0 P 0
L 5.3684057 1.1237205 5.3802167 1.1237205 0 P 0
L 5.3743112 1.117815 5.3743112 1.129626 0 P 0
L 5.3804056 0.0793976 5.3922166 0.0793976 0 P 0
L 5.3863111 0.0734921 5.3863111 0.0853031 0 P 0
L 5.4404057 1.1227205 5.4522167 1.1227205 0 P 0
L 5.4463112 1.116815 5.4463112 1.128626 0 P 0
L 5.4524056 0.0783976 5.4642166 0.0783976 0 P 0
L 5.4583111 0.0724921 5.4583111 0.0843031 0 P 0
L 5.5104057 1.1227205 5.5222167 1.1227205 0 P 0
L 5.5163112 1.116815 5.5163112 1.128626 0 P 0
L 5.5224056 0.0783976 5.5342166 0.0783976 0 P 0
L 5.5283111 0.0724921 5.5283111 0.0843031 0 P 0
L 5.5744057 1.1227205 5.5862167 1.1227205 0 P 0
L 5.5803112 1.116815 5.5803112 1.128626 0 P 0
L 5.5864056 0.0783976 5.5982166 0.0783976 0 P 0
L 5.5923111 0.0724921 5.5923111 0.0843031 0 P 0
L 5.6404057 1.1227205 5.6522167 1.1227205 0 P 0
L 5.6463112 1.116815 5.6463112 1.128626 0 P 0
L 5.6524056 0.0783976 5.6642166 0.0783976 0 P 0
L 5.6583111 0.0724921 5.6583111 0.0843031 0 P 0
L 5.7196378 0.1186023 5.853496 0.1186023 0 P 0
L 5.7196378 1.0634842 5.853496 1.0634842 0 P 0
L 5.7865669 0.0516732 5.7865669 0.1855314 0 P 0
L 5.7865669 0.9965551 5.7865669 1.1304133 0 P 0
